Webots Project File version 8.6
perspectives: 000000ff00000000fd00000003000000000000000000000000fc0100000001fb0000001a0044006f00630075006d0065006e0074006100740069006f006e0000000000ffffffff0000005400ffffff0000000100000159000001f4fc0200000001fb0000001400540065007800740045006400690074006f00720100000000000001f4000000a200ffffff0000000300000515000000d8fc0100000001fb0000000e0043006f006e0073006f006c00650100000000000005150000005400ffffff000003b6000001f400000001000000020000000100000008fc00000000
simulationViewPerspectives: 000000ff000000010000000200000137000002790100000006010000000100
sceneTreePerspectives: 000000ff0000000100000002000000c00000009e0100000006010000000200
minimizedPerspectives: 000000ff00000000fd00000002000000000000000000000000fc0100000001fb0000001a0044006f00630075006d0065006e0074006100740069006f006e0000000000ffffffff0000005400ffffff00000001000003290000040afc0200000001fc000000000000040a000000bf0100001cfa000000000100000002fb0000000e0043006f006e0073006f006c00650100000000ffffffff0000005400fffffffb0000001400540065007800740045006400690074006f00720100000414000003290000007f00ffffff0000040e0000040a00000001000000020000000100000008fc00000000
maximizedDockId: -1
centralWidgetVisible: 1
orthographicViewHeight: 1
textFiles: 0 "controllers/lines_detector/Makefile"
documentationBook: 
documentationPage: 
renderingDevicePerspectives: 288;1;0.45625;0.0916272;0.0833333
renderingDevicePerspectives: 282;1;1.55;0.511848;0.31081
