Webots Project File version 8.6
perspectives: 000000ff00000000fd0000000300000000000003200000040afc0100000001fb0000001a0044006f00630075006d0065006e0074006100740069006f006e0000000000ffffffff0000005400ffffff00000001000000f800000241fc0200000001fb0000001400540065007800740045006400690074006f00720100000000000002410000003c00ffffff00000003000005150000008bfc0100000001fb0000000e0043006f006e0073006f006c00650100000000000005150000005400ffffff000004170000024100000001000000020000000100000008fc00000000
simulationViewPerspectives: 000000ff0000000100000002000000fc000003150100000006010000000100
sceneTreePerspectives: 000000ff0000000100000002000000c00000009b0100000006010000000200
minimizedPerspectives: 
maximizedDockId: -1
centralWidgetVisible: 1
orthographicViewHeight: 1
textFiles: -1
documentationBook: 
documentationPage: 
renderingDevicePerspectives: 114;0;-0.05;0.0846847;0.00767754
renderingDevicePerspectives: 120;1;0.16875;0.017744;0.0268714
