Webots Project File version 8.6
perspectives: 000000ff00000000fd00000003000000000000000000000000fc0100000001fb0000001a0044006f00630075006d0065006e0074006100740069006f006e0000000000ffffffff0000005400ffffff00000001000003960000032cfc0200000001fb0000001400540065007800740045006400690074006f007201000000000000032c000000a200ffffff000000030000073d000000d8fc0100000001fb0000000e0043006f006e0073006f006c006501000000000000073d0000005400ffffff000003a10000032c00000001000000020000000100000008fc00000000
simulationViewPerspectives: 000000ff000000010000000200000100000005130100000006010000000100
sceneTreePerspectives: 000000ff0000000100000002000000c00000009b0100000006010000000200
minimizedPerspectives: 
maximizedDockId: -1
centralWidgetVisible: 1
orthographicViewHeight: 1
textFiles: 1 "../../../../Documentos/clases_robotica/controllers/obstacle_avoidance_example/MyRobot.h" "../../../../Documentos/clases_robotica/controllers/obstacle_avoidance_example/MyRobot.cpp"
documentationBook: 
documentationPage: 
renderingDevicePerspectives: 114;1;1;0.121439;0.107143
renderingDevicePerspectives: 108;1;1;0.181409;0.107143
